0 3.141593
1 -0.858407
2 -0.458407
3 -0.314818
4 -0.239584
5 -0.193333
6 -0.162037
7 -0.139456
8 -0.122396
9 -0.109054
10 -0.098333
11 -0.089532
12 -0.082176
13 -0.075937
14 -0.070578
15 -0.065926
16 -0.061849
17 -0.058247
18 -0.055041
19 -0.052170
20 -0.049583
21 -0.047241
22 -0.045110
23 -0.043163
24 -0.041377
25 -0.039733
26 -0.038215
27 -0.036808
28 -0.035502
29 -0.034285
30 -0.033148
31 -0.032085
32 -0.031087
33 -0.030150
34 -0.029268
35 -0.028435
36 -0.027649
37 -0.026905
38 -0.026200
39 -0.025531
40 -0.024896
41 -0.024291
42 -0.023715
43 -0.023166
44 -0.022641
45 -0.022140
46 -0.021660
47 -0.021201
48 -0.020761
49 -0.020339
50 -0.019933
51 -0.019544
52 -0.019169
53 -0.018809
54 -0.018461
55 -0.018127
56 -0.017804
57 -0.017493
58 -0.017192
59 -0.016901
60 -0.016620
61 -0.016349
62 -0.016086
63 -0.015831
64 -0.015584
65 -0.015345
66 -0.015113
67 -0.014888
68 -0.014670
69 -0.014458
70 -0.014252
71 -0.014051
72 -0.013857
73 -0.013667
74 -0.013483
75 -0.013304
76 -0.013129
77 -0.012959
78 -0.012793
79 -0.012632
80 -0.012474
81 -0.012320
82 -0.012170
83 -0.012024
84 -0.011881
85 -0.011742
86 -0.011605
87 -0.011472
88 -0.011342
89 -0.011215
90 -0.011091
91 -0.010969
92 -0.010850
93 -0.010733
94 -0.010619
95 -0.010508
96 -0.010399
97 -0.010292
98 -0.010187
99 -0.010084
100 -0.009983
101 -0.009885
102 -0.009788
103 -0.009693
104 -0.009600
105 -0.009509
106 -0.009419
107 -0.009331
108 -0.009245
109 -0.009160
110 -0.009077
111 -0.008995
112 -0.008915
113 -0.008837
114 -0.008759
115 -0.008683
116 -0.008608
117 -0.008535
118 -0.008463
119 -0.008392
120 -0.008322
121 -0.008253
122 -0.008186
123 -0.008119
124 -0.008054
125 -0.007989
126 -0.007926
127 -0.007864
128 -0.007802
129 -0.007742
130 -0.007682
131 -0.007624
132 -0.007566
133 -0.007509
134 -0.007453
135 -0.007398
136 -0.007344
137 -0.007290
138 -0.007238
139 -0.007186
140 -0.007134
141 -0.007084
142 -0.007034
143 -0.006985
144 -0.006936
145 -0.006889
146 -0.006841
147 -0.006795
148 -0.006749
149 -0.006704
150 -0.006659
151 -0.006615
152 -0.006572
153 -0.006529
154 -0.006486
155 -0.006445
156 -0.006403
157 -0.006363
158 -0.006322
159 -0.006283
160 -0.006243
161 -0.006205
162 -0.006166
163 -0.006129
164 -0.006091
165 -0.006054
166 -0.006018
167 -0.005982
168 -0.005946
169 -0.005911
170 -0.005877
171 -0.005842
172 -0.005808
173 -0.005775
174 -0.005742
175 -0.005709
176 -0.005676
177 -0.005644
178 -0.005613
179 -0.005581
180 -0.005550
181 -0.005520
182 -0.005489
183 -0.005460
184 -0.005430
185 -0.005401
186 -0.005372
187 -0.005343
188 -0.005314
189 -0.005286
190 -0.005259
191 -0.005231
192 -0.005204
193 -0.005177
194 -0.005150
195 -0.005124
196 -0.005098
197 -0.005072
198 -0.005046
199 -0.005021
200 -0.004996
201 -0.004971
202 -0.004946
203 -0.004922
204 -0.004898
205 -0.004874
206 -0.004850
207 -0.004827
208 -0.004804
209 -0.004781
210 -0.004758
211 -0.004736
212 -0.004713
213 -0.004691
214 -0.004669
215 -0.004648
216 -0.004626
217 -0.004605
218 -0.004584
219 -0.004563
220 -0.004542
221 -0.004521
222 -0.004501
223 -0.004481
224 -0.004461
225 -0.004441
226 -0.004422
227 -0.004402
228 -0.004383
229 -0.004364
230 -0.004345
231 -0.004326
232 -0.004307
233 -0.004289
234 -0.004270
235 -0.004252
236 -0.004234
237 -0.004216
238 -0.004199
239 -0.004181
240 -0.004164
241 -0.004147
242 -0.004129
243 -0.004112
244 -0.004096
245 -0.004079
246 -0.004062
247 -0.004046
248 -0.004030
249 -0.004013
250 -0.003997
251 -0.003981
252 -0.003966
253 -0.003950
254 -0.003934
255 -0.003919
256 -0.003904
257 -0.003889
258 -0.003873
259 -0.003859
260 -0.003844
261 -0.003829
262 -0.003814
263 -0.003800
264 -0.003785
265 -0.003771
266 -0.003757
267 -0.003743
268 -0.003729
269 -0.003715
270 -0.003701
271 -0.003688
272 -0.003674
273 -0.003661
274 -0.003647
275 -0.003634
276 -0.003621
277 -0.003608
278 -0.003595
279 -0.003582
280 -0.003569
281 -0.003557
282 -0.003544
283 -0.003531
284 -0.003519
285 -0.003507
286 -0.003494
287 -0.003482
288 -0.003470
289 -0.003458
290 -0.003446
291 -0.003434
292 -0.003423
293 -0.003411
294 -0.003399
295 -0.003388
296 -0.003376
297 -0.003365
298 -0.003354
299 -0.003343
300 -0.003331
301 -0.003320
302 -0.003309
303 -0.003299
304 -0.003288
305 -0.003277
306 -0.003266
307 -0.003256
308 -0.003245
309 -0.003235
310 -0.003224
311 -0.003214
312 -0.003203
313 -0.003193
314 -0.003183
315 -0.003173
316 -0.003163
317 -0.003153
318 -0.003143
319 -0.003133
320 -0.003123
321 -0.003114
322 -0.003104
323 -0.003094
324 -0.003085
325 -0.003075
326 -0.003066
327 -0.003057
328 -0.003047
329 -0.003038
330 -0.003029
331 -0.003020
332 -0.003011
333 -0.003001
334 -0.002993
335 -0.002984
336 -0.002975
337 -0.002966
338 -0.002957
339 -0.002948
340 -0.002940
341 -0.002931
342 -0.002923
343 -0.002914
344 -0.002906
345 -0.002897
346 -0.002889
347 -0.002880
348 -0.002872
349 -0.002864
350 -0.002856
351 -0.002848
352 -0.002840
353 -0.002832
354 -0.002824
355 -0.002816
356 -0.002808
357 -0.002800
358 -0.002792
359 -0.002784
360 -0.002776
361 -0.002769
362 -0.002761
363 -0.002754
364 -0.002746
365 -0.002738
366 -0.002731
367 -0.002724
368 -0.002716
369 -0.002709
370 -0.002701
371 -0.002694
372 -0.002687
373 -0.002680
374 -0.002673
375 -0.002665
376 -0.002658
377 -0.002651
378 -0.002644
379 -0.002637
380 -0.002630
381 -0.002624
382 -0.002617
383 -0.002610
384 -0.002603
385 -0.002596
386 -0.002590
387 -0.002583
388 -0.002576
389 -0.002570
390 -0.002563
391 -0.002556
392 -0.002550
393 -0.002543
394 -0.002537
395 -0.002531
396 -0.002524
397 -0.002518
398 -0.002512
399 -0.002505
400 -0.002499
401 -0.002493
402 -0.002487
403 -0.002480
404 -0.002474
405 -0.002468
406 -0.002462
407 -0.002456
408 -0.002450
409 -0.002444
410 -0.002438
411 -0.002432
412 -0.002426
413 -0.002420
414 -0.002414
415 -0.002409
416 -0.002403
417 -0.002397
418 -0.002391
419 -0.002386
420 -0.002380
421 -0.002374
422 -0.002369
423 -0.002363
424 -0.002358
425 -0.002352
426 -0.002346
427 -0.002341
428 -0.002336
429 -0.002330
430 -0.002325
431 -0.002319
432 -0.002314
433 -0.002309
434 -0.002303
435 -0.002298
436 -0.002293
437 -0.002287
438 -0.002282
439 -0.002277
440 -0.002272
441 -0.002267
442 -0.002262
443 -0.002256
444 -0.002251
445 -0.002246
446 -0.002241
447 -0.002236
448 -0.002231
449 -0.002226
450 -0.002221
451 -0.002216
452 -0.002212
453 -0.002207
454 -0.002202
455 -0.002197
456 -0.002192
457 -0.002187
458 -0.002183
459 -0.002178
460 -0.002173
461 -0.002168
462 -0.002164
463 -0.002159
464 -0.002154
465 -0.002150
466 -0.002145
467 -0.002141
468 -0.002136
469 -0.002131
470 -0.002127
471 -0.002122
472 -0.002118
473 -0.002113
474 -0.002109
475 -0.002105
476 -0.002100
477 -0.002096
478 -0.002091
479 -0.002087
480 -0.002083
481 -0.002078
482 -0.002074
483 -0.002070
484 -0.002065
485 -0.002061
486 -0.002057
487 -0.002053
488 -0.002048
489 -0.002044
490 -0.002040
491 -0.002036
492 -0.002032
493 -0.002028
494 -0.002024
495 -0.002020
496 -0.002015
497 -0.002011
498 -0.002007
499 -0.002003
500 -0.001999
501 -0.001995
502 -0.001991
503 -0.001987
504 -0.001983
505 -0.001980
506 -0.001976
507 -0.001972
508 -0.001968
509 -0.001964
510 -0.001960
511 -0.001956
512 -0.001952
513 -0.001949
514 -0.001945
515 -0.001941
516 -0.001937
517 -0.001934
518 -0.001930
519 -0.001926
520 -0.001922
521 -0.001919
522 -0.001915
523 -0.001911
524 -0.001908
525 -0.001904
526 -0.001901
527 -0.001897
528 -0.001893
529 -0.001890
530 -0.001886
531 -0.001883
532 -0.001879
533 -0.001876
534 -0.001872
535 -0.001869
536 -0.001865
537 -0.001862
538 -0.001858
539 -0.001855
540 -0.001851
541 -0.001848
542 -0.001844
543 -0.001841
544 -0.001838
545 -0.001834
546 -0.001831
547 -0.001828
548 -0.001824
549 -0.001821
550 -0.001818
551 -0.001814
552 -0.001811
553 -0.001808
554 -0.001805
555 -0.001801
556 -0.001798
557 -0.001795
558 -0.001792
559 -0.001788
560 -0.001785
561 -0.001782
562 -0.001779
563 -0.001776
564 -0.001773
565 -0.001769
566 -0.001766
567 -0.001763
568 -0.001760
569 -0.001757
570 -0.001754
571 -0.001751
572 -0.001748
573 -0.001745
574 -0.001742
575 -0.001739
576 -0.001736
577 -0.001733
578 -0.001730
579 -0.001727
580 -0.001724
581 -0.001721
582 -0.001718
583 -0.001715
584 -0.001712
585 -0.001709
586 -0.001706
587 -0.001703
588 -0.001700
589 -0.001697
590 -0.001694
591 -0.001692
592 -0.001689
593 -0.001686
594 -0.001683
595 -0.001680
596 -0.001677
597 -0.001675
598 -0.001672
599 -0.001669
600 -0.001666
601 -0.001663
602 -0.001661
603 -0.001658
604 -0.001655
605 -0.001652
606 -0.001650
607 -0.001647
608 -0.001644
609 -0.001642
610 -0.001639
611 -0.001636
612 -0.001634
613 -0.001631
614 -0.001628
615 -0.001626
616 -0.001623
617 -0.001620
618 -0.001618
619 -0.001615
620 -0.001612
621 -0.001610
622 -0.001607
623 -0.001605
624 -0.001602
625 -0.001600
626 -0.001597
627 -0.001594
628 -0.001592
629 -0.001589
630 -0.001587
631 -0.001584
632 -0.001582
633 -0.001579
634 -0.001577
635 -0.001574
636 -0.001572
637 -0.001569
638 -0.001567
639 -0.001565
640 -0.001562
641 -0.001560
642 -0.001557
643 -0.001555
644 -0.001552
645 -0.001550
646 -0.001548
647 -0.001545
648 -0.001543
649 -0.001540
650 -0.001538
651 -0.001536
652 -0.001533
653 -0.001531
654 -0.001529
655 -0.001526
656 -0.001524
657 -0.001522
658 -0.001519
659 -0.001517
660 -0.001515
661 -0.001512
662 -0.001510
663 -0.001508
664 -0.001506
665 -0.001503
666 -0.001501
667 -0.001499
668 -0.001497
669 -0.001494
670 -0.001492
671 -0.001490
672 -0.001488
673 -0.001486
674 -0.001483
675 -0.001481
676 -0.001479
677 -0.001477
678 -0.001475
679 -0.001472
680 -0.001470
681 -0.001468
682 -0.001466
683 -0.001464
684 -0.001462
685 -0.001459
686 -0.001457
687 -0.001455
688 -0.001453
689 -0.001451
690 -0.001449
691 -0.001447
692 -0.001445
693 -0.001443
694 -0.001441
695 -0.001439
696 -0.001436
697 -0.001434
698 -0.001432
699 -0.001430
700 -0.001428
701 -0.001426
702 -0.001424
703 -0.001422
704 -0.001420
705 -0.001418
706 -0.001416
707 -0.001414
708 -0.001412
709 -0.001410
710 -0.001408
711 -0.001406
712 -0.001404
713 -0.001402
714 -0.001400
715 -0.001398
716 -0.001396
717 -0.001394
718 -0.001392
719 -0.001390
720 -0.001389
721 -0.001387
722 -0.001385
723 -0.001383
724 -0.001381
725 -0.001379
726 -0.001377
727 -0.001375
728 -0.001373
729 -0.001371
730 -0.001370
731 -0.001368
732 -0.001366
733 -0.001364
734 -0.001362
735 -0.001360
736 -0.001358
737 -0.001357
738 -0.001355
739 -0.001353
740 -0.001351
741 -0.001349
742 -0.001347
743 -0.001346
744 -0.001344
745 -0.001342
746 -0.001340
747 -0.001338
748 -0.001337
749 -0.001335
750 -0.001333
751 -0.001331
752 -0.001329
753 -0.001328
754 -0.001326
755 -0.001324
756 -0.001322
757 -0.001321
758 -0.001319
759 -0.001317
760 -0.001316
761 -0.001314
762 -0.001312
763 -0.001310
764 -0.001309
765 -0.001307
766 -0.001305
767 -0.001303
768 -0.001302
769 -0.001300
770 -0.001298
771 -0.001297
772 -0.001295
773 -0.001293
774 -0.001292
775 -0.001290
776 -0.001288
777 -0.001287
778 -0.001285
779 -0.001283
780 -0.001282
781 -0.001280
782 -0.001278
783 -0.001277
784 -0.001275
785 -0.001274
786 -0.001272
787 -0.001270
788 -0.001269
789 -0.001267
790 -0.001266
791 -0.001264
792 -0.001262
793 -0.001261
794 -0.001259
795 -0.001258
796 -0.001256
797 -0.001254
798 -0.001253
799 -0.001251
800 -0.001250
801 -0.001248
802 -0.001247
803 -0.001245
804 -0.001244
805 -0.001242
806 -0.001240
807 -0.001239
808 -0.001237
809 -0.001236
810 -0.001234
811 -0.001233
812 -0.001231
813 -0.001230
814 -0.001228
815 -0.001227
816 -0.001225
817 -0.001224
818 -0.001222
819 -0.001221
820 -0.001219
821 -0.001218
822 -0.001216
823 -0.001215
824 -0.001213
825 -0.001212
826 -0.001210
827 -0.001209
828 -0.001207
829 -0.001206
830 -0.001205
831 -0.001203
832 -0.001202
833 -0.001200
834 -0.001199
835 -0.001197
836 -0.001196
837 -0.001195
838 -0.001193
839 -0.001192
840 -0.001190
841 -0.001189
842 -0.001187
843 -0.001186
844 -0.001185
845 -0.001183
846 -0.001182
847 -0.001180
848 -0.001179
849 -0.001178
850 -0.001176
851 -0.001175
852 -0.001173
853 -0.001172
854 -0.001171
855 -0.001169
856 -0.001168
857 -0.001167
858 -0.001165
859 -0.001164
860 -0.001163
861 -0.001161
862 -0.001160
863 -0.001159
864 -0.001157
865 -0.001156
866 -0.001155
867 -0.001153
868 -0.001152
869 -0.001151
870 -0.001149
871 -0.001148
872 -0.001147
873 -0.001145
874 -0.001144
875 -0.001143
876 -0.001141
877 -0.001140
878 -0.001139
879 -0.001137
880 -0.001136
881 -0.001135
882 -0.001134
883 -0.001132
884 -0.001131
885 -0.001130
886 -0.001128
887 -0.001127
888 -0.001126
889 -0.001125
890 -0.001123
891 -0.001122
892 -0.001121
893 -0.001120
894 -0.001118
895 -0.001117
896 -0.001116
897 -0.001115
898 -0.001113
899 -0.001112
900 -0.001111
901 -0.001110
902 -0.001108
903 -0.001107
904 -0.001106
905 -0.001105
906 -0.001104
907 -0.001102
908 -0.001101
909 -0.001100
910 -0.001099
911 -0.001097
912 -0.001096
913 -0.001095
914 -0.001094
915 -0.001093
916 -0.001092
917 -0.001090
918 -0.001089
919 -0.001088
920 -0.001087
921 -0.001086
922 -0.001084
923 -0.001083
924 -0.001082
925 -0.001081
926 -0.001080
927 -0.001079
928 -0.001077
929 -0.001076
930 -0.001075
931 -0.001074
932 -0.001073
933 -0.001072
934 -0.001070
935 -0.001069
936 -0.001068
937 -0.001067
938 -0.001066
939 -0.001065
940 -0.001064
941 -0.001063
942 -0.001061
943 -0.001060
944 -0.001059
945 -0.001058
946 -0.001057
947 -0.001056
948 -0.001055
949 -0.001054
950 -0.001052
951 -0.001051
952 -0.001050
953 -0.001049
954 -0.001048
955 -0.001047
956 -0.001046
957 -0.001045
958 -0.001044
959 -0.001043
960 -0.001041
961 -0.001040
962 -0.001039
963 -0.001038
964 -0.001037
965 -0.001036
966 -0.001035
967 -0.001034
968 -0.001033
969 -0.001032
970 -0.001031
971 -0.001030
972 -0.001029
973 -0.001028
974 -0.001027
975 -0.001025
976 -0.001024
977 -0.001023
978 -0.001022
979 -0.001021
980 -0.001020
981 -0.001019
982 -0.001018
983 -0.001017
984 -0.001016
985 -0.001015
986 -0.001014
987 -0.001013
988 -0.001012
989 -0.001011
990 -0.001010
991 -0.001009
992 -0.001008
993 -0.001007
994 -0.001006
995 -0.001005
996 -0.001004
997 -0.001003
998 -0.001002
999 -0.001001
1000 -0.001000
1001 -0.000999
1002 -0.000998
1003 -0.000997
1004 -0.000996
1005 -0.000995
1006 -0.000994
1007 -0.000993
1008 -0.000992
1009 -0.000991
1010 -0.000990
1011 -0.000989
1012 -0.000988
1013 -0.000987
1014 -0.000986
1015 -0.000985
1016 -0.000984
1017 -0.000983
1018 -0.000982
1019 -0.000981
1020 -0.000980
1021 -0.000979
1022 -0.000978
1023 -0.000977
